$ANSIBLE_VAULT;1.1;AES256
33333565336230623335393738333733303066326564353931303034323736336536656338353662
3031313531366132653830316264346330396663373638320a613839316530643730646164343264
34303234396337643064323565346535643663306161303766666461316665353134393038343934
3936666439623563630a613035646463663161613233383031336339653935633230323030333236
33336531313530653539343961653364613963396563636339316235653134643663636638373964
66313561313132373663373438343132613864393630396539343962623335313037643535643335
32366330373962313430326266616163643930623362623664336236666537386239386364633736
63306261373032393866326332353338303461623931386633626466373535663664633030366332
34326233306439613033383163383134623563366436636162633664306130653734666138303938
36653338323664356366396237333937333763343733393330623432386536326230656134306362
63663962626165306136333830303036653963356438626266663135333365396562663737633037
61656132623863336665626434393533643864626633633931353638376536316339623434643463
34393338616335306633656562613665356437663162663436643764623061326633616539393137
37353266643332376635626333616636366466346161616362366138373666366439373339623263
326431636137626136363334323636356634
